-1.670887 -0.972394 1.682735
0.108261 -0.166402 -0.094876
-1.684265 -0.808006 1.618883
-2.414231 -1.352860 1.385637
-0.705274 -0.287342 0.343428
-1.654090 -0.915544 1.522156
0.119065 -0.085800 -0.238192
0.095835 -0.049328 1.231313
-0.687693 -0.313404 -0.618262
-0.275725 -0.277559 -0.016997
-2.090971 -1.353054 0.714103
-0.875163 -0.552209 -0.760253
-1.238538 -0.845840 -0.283745
-1.705158 -1.159221 0.803135
-1.113181 -0.565099 -0.226617
-3.069792 -1.726234 1.434440
-2.237708 -1.431174 1.710893
-0.754726 -0.635157 1.761213
-1.761430 -1.064794 1.609629
-2.684874 -1.353194 0.171538
-0.143607 -0.016082 -0.324805
-2.824319 -1.617484 1.549272
-0.757565 -0.506573 0.138263
-1.655260 -1.055698 0.042695
-2.120627 -1.274002 0.484526
-1.776084 -1.079079 0.907910
-2.193239 -1.374910 0.146399
-1.074027 -0.806900 1.349490
-2.217652 -1.363722 0.605683
0.203505 0.007861 -0.848643
-0.120727 -0.050219 1.352891
-2.936411 -1.523549 0.303402
-0.436077 -0.368392 -0.239463
-2.953571 -1.630136 1.500932
-1.875011 -1.239198 0.400005
-2.509624 -1.354730 1.111233
-1.412715 -0.737227 0.612503
-0.325213 -0.110195 -0.877106
-1.173791 -0.870208 0.379657
-2.898675 -1.469845 0.692967
-0.743054 -0.627163 0.252480
-2.796188 -1.670336 -0.203276
-0.542458 -0.375630 0.217442
-3.001221 -1.562124 -0.617839
-0.703511 -0.417168 -0.819527
-1.824133 -0.921535 0.951180
-1.522432 -0.999445 1.262240
-0.028480 0.088781 -0.056784
-1.133390 -0.524815 0.512497
-1.988208 -1.299968 0.067938
-1.524657 -0.888336 0.497097
-3.166605 -1.695503 -0.729038
-1.524861 -1.061611 -0.897019
-1.185080 -0.761339 0.538182
0.202030 0.131569 0.843562
-2.232427 -1.158053 1.351461
-3.045095 -1.795216 0.062740
-0.375987 -0.267321 -0.522290
-1.829921 -1.027170 0.076778
-1.188528 -0.796890 1.539961
-2.140983 -1.068702 1.408354
-2.650663 -1.340769 -0.913091
-1.032366 -0.458519 -0.176112
-0.119821 -0.104505 0.827370
-2.587561 -1.605068 1.712499
-2.930448 -1.806862 1.380562
-1.709374 -0.956595 0.268162
-1.540363 -0.992822 0.089434
-0.286088 -0.051097 -0.412840
-1.792307 -0.901706 0.431810
-1.379636 -0.815935 1.005765
-2.497468 -1.435523 0.967919
-0.107296 0.032717 0.786866
-0.947873 -0.687787 0.807441
-1.723300 -1.153460 1.514981
-1.053553 -0.742073 0.086650
-1.428047 -0.709238 -0.571930
-2.388672 -1.223394 -0.796197
-0.257756 -0.371429 1.718797
-0.780907 -0.491051 0.456474
-0.652413 -0.295741 1.390948
-0.468937 -0.157159 1.571700
-0.604097 -0.307499 0.706315
-0.874145 -0.430243 -0.427547
-2.904972 -1.469232 -0.889503
-1.550930 -1.014703 -0.683625
-3.043910 -1.778489 -0.690752
-1.285504 -0.664518 0.169575
-0.348895 -0.143402 -0.304682
-0.152701 -0.181843 1.346240
-2.639177 -1.636433 -0.361036
-3.095745 -1.899647 -0.825090
-0.469891 -0.349092 -0.406053
-2.333009 -1.170045 0.605816
-2.537698 -1.562307 0.071584
-1.656803 -0.809223 0.277043
-0.600038 -0.232516 0.564934
-1.817756 -0.887758 0.291765
-1.813151 -1.134782 1.342020
-0.984863 -0.435238 1.154643
-0.867271 -0.551732 -0.334892
-1.192870 -0.615765 1.270691
-2.859766 -1.644941 1.363147
-3.232793 -1.658143 1.321444
-0.781692 -0.362581 0.419993
-0.441514 -0.157499 -0.097988
-2.037811 -1.029930 1.489488
0.077157 -0.183344 1.478003
-2.238869 -1.238576 0.161658
-0.856081 -0.401964 0.552470
-3.163290 -1.818467 1.469888
-0.934421 -0.594350 1.747457
-3.007123 -1.781062 0.527118
-2.031206 -1.089339 -0.758764
-3.166948 -1.743192 0.587257
-1.524341 -0.732311 0.911222
-2.508720 -1.287306 -0.035567
-2.590246 -1.353238 0.850614
-0.098904 -0.110214 0.696123
0.179983 0.131708 0.484513
-0.614597 -0.392505 0.908865
0.178189 -0.033518 0.241336
-1.563957 -0.851455 -0.326102
-2.788985 -1.720812 -0.036760
-0.939334 -0.483294 -0.047797
-1.451594 -0.826498 0.844974
-2.288905 -1.149059 -0.667803
0.151630 -0.044505 0.586051
-0.799540 -0.640337 -0.668365
-0.168167 -0.322087 1.554284
-0.715787 -0.551743 0.566842
-2.527623 -1.396783 -0.155200
-2.878250 -1.735307 -0.834354
-0.970279 -0.658370 0.671504
-2.359466 -1.373229 1.759986
-1.904229 -1.099209 1.596465
-0.633009 -0.321155 -0.498547
-2.949518 -1.564067 0.010964
-1.476511 -0.834986 1.100817
-2.204552 -1.255772 -0.615689
0.021925 -0.215161 -0.383014
-2.378143 -1.519844 0.623819
-1.911572 -1.211398 0.263834
0.134286 -0.151676 -0.462809
-1.508961 -1.013666 1.120706
-0.739543 -0.395551 0.854215
-2.959339 -1.555051 -0.164949
-1.601226 -0.797120 1.317712
-2.721537 -1.438598 1.719930
-3.022071 -1.657575 1.061168
-2.284482 -1.452263 1.516153
-0.070421 0.032205 1.682588
-1.471664 -0.864617 0.640026
-1.117458 -0.829921 0.676227
-0.352900 -0.142407 1.325401
-2.485057 -1.542198 0.543761
-0.823231 -0.578662 1.651437
-2.772322 -1.731737 1.456562
0.143398 0.144180 -0.200140
-0.480093 -0.158501 -0.240416
-2.617444 -1.318463 0.652642
-1.392683 -0.962519 1.310950
-0.115309 -0.132043 1.741645
-2.530431 -1.599095 1.341208
0.152987 -0.091669 0.839952
-0.192168 -0.160999 -0.321150
-0.189093 -0.235403 1.697743
-2.597798 -1.642513 -0.644569
-0.705455 -0.488852 -0.265807
-1.177899 -0.782642 -0.686078
-0.037831 0.066964 -0.932845
-2.992660 -1.525109 0.565868
-0.593566 -0.527888 -0.555825
0.015829 0.078049 -0.498775
-2.336828 -1.451883 0.429672
-1.632432 -1.049590 1.183603
-2.994153 -1.851323 0.683215
-1.921695 -1.131457 -0.542113
-2.633928 -1.336957 -0.074853
-0.043837 -0.226740 1.404482
-1.381546 -0.767724 0.751977
-0.628118 -0.417395 1.603863
-0.632198 -0.539707 -0.427379
0.316794 -0.063116 -0.285618
-1.925182 -1.277739 -0.891547
-3.147572 -1.664228 -0.119879
-1.779861 -0.891023 1.347299
-0.804885 -0.473732 0.316106
-0.895129 -0.406352 -0.853635
-0.090537 -0.171476 0.148428
0.164264 0.058010 1.430246
-0.590867 -0.278817 -0.211229
0.161604 0.185271 0.161078
-2.789910 -1.472349 -0.337663
-3.241602 -1.655377 0.401703
-3.099841 -1.618360 0.008743
-1.985159 -1.297062 1.642354
-2.811135 -1.549694 1.758255
-0.216211 -0.036036 1.740200
-1.204062 -0.811479 -0.840115
0.002061 0.092996 -0.319849
-0.391162 -0.110745 1.447218
-2.590984 -1.604483 0.239341
-2.733689 -1.692441 0.849512
-0.997274 -0.599723 1.562687
0.269748 0.047462 0.021860
-0.727497 -0.306102 -0.174797
-2.426146 -1.315669 0.923786
-2.412772 -1.492311 1.717069
-0.523069 -0.489467 1.562011
-0.501964 -0.431833 1.231808
-0.589563 -0.544790 1.169895
-0.548424 -0.257764 -0.083462
-1.675748 -1.141844 1.741430
-2.040804 -1.161682 -0.065344
-2.437298 -1.532199 1.151947
-2.607147 -1.413563 -0.545513
-1.427366 -1.001146 1.498345
-1.905277 -1.260320 0.553951
-1.490052 -0.759083 0.502054
-1.502711 -0.746799 -0.252178
-3.113382 -1.915957 1.752518
-0.332495 -0.221457 -0.779977
-2.142182 -1.103329 -0.394106
-3.025148 -1.796182 -0.279039
-2.965753 -1.661617 -0.402660
-0.292598 -0.166151 0.876308
-0.491756 -0.247453 -0.853041
-0.608469 -0.336511 1.040955
-1.120289 -0.693455 1.010566
-1.226193 -0.883350 0.251164
0.112786 0.119406 1.221431
-3.138009 -1.738480 0.456128
-0.361615 -0.286754 -0.919090
-0.081669 -0.023640 -0.776414
-2.631926 -1.524811 1.375531
-1.881285 -1.130942 -0.330342
0.017388 -0.221386 -0.593759
-2.699839 -1.584019 -0.517998
-0.582790 -0.238934 -0.659320
0.175095 0.115670 0.299319
-1.074985 -0.498053 1.514725
-0.714613 -0.485202 -0.132774
0.114024 0.071968 -0.412929
-1.373425 -0.970250 0.094471
0.263712 0.051805 0.628340
-1.339882 -0.705341 -0.294798
-0.240761 -0.218665 -0.879465
0.141223 -0.140608 0.126225
-2.016799 -1.211365 0.856899
-1.147606 -0.600420 1.764703
-2.885846 -1.680836 -0.635033
0.028854 0.108554 0.127299
-0.932032 -0.726751 1.755443
-1.260820 -0.733843 -0.932207
-2.529001 -1.571110 -0.555301
-1.083421 -0.506271 -0.339465
-0.257568 -0.060584 1.428970
0.182071 0.139916 -0.849720
-2.187500 -1.392547 0.466929
-2.783165 -1.684038 -0.436528
-1.538131 -0.886449 0.930438
-2.921623 -1.781135 1.166133
-2.351101 -1.268214 -0.599501
-1.046826 -0.480783 0.031346
0.172183 0.183472 1.544169
-0.975721 -0.465409 1.015989
-0.212450 -0.073182 -0.037878
-0.344140 -0.420955 0.617800
-2.355402 -1.387801 0.561494
-2.127770 -1.109702 0.889060
-0.340354 -0.103784 -0.007211
-1.045616 -0.464435 0.193446
-1.238258 -0.579886 0.400489
-0.894504 -0.710596 1.478917
-2.716989 -1.447033 -0.776716
-1.727681 -1.107225 0.154536
-1.847031 -0.904372 -0.914100
-0.416354 -0.448667 -0.779263
-2.960785 -1.779871 -0.932495
-0.058917 -0.136100 -0.838157
0.274590 0.005396 1.629558
-0.224600 -0.087773 0.284194
-0.526427 -0.467031 1.068414
-0.397410 -0.121167 0.674993
-0.098056 -0.162229 0.436918
-1.529839 -0.730486 1.192230
0.126137 -0.059096 1.473081
-2.255823 -1.387860 1.401226
-1.014974 -0.784807 -0.632212
-1.185685 -0.759651 1.409665
-0.187954 -0.005605 -0.656001
-0.930101 -0.428166 0.779281
-1.097683 -0.689028 -0.588255
0.273779 0.023539 -0.613686
-0.215862 -0.018935 0.624788
-1.536796 -0.845171 0.204029
-1.581179 -0.818776 -0.727921
-1.028068 -0.700751 0.559910
-1.002854 -0.444584 -0.487108
-1.131004 -0.521914 -0.103973
-0.555635 -0.438043 1.366012
-0.884038 -0.510010 -0.549804
-2.140002 -1.064562 0.150194
-1.385333 -0.913426 -0.917791
-2.207866 -1.332869 1.061357
-1.354269 -0.634115 1.670465
-1.782120 -1.136901 0.280357
-2.821742 -1.601960 1.003953
-3.026160 -1.637613 0.627524
-0.471621 -0.397754 -0.932382
-2.627226 -1.602583 1.038891
-2.824783 -1.539092 0.094313
-0.019376 0.018382 1.163539
-0.444752 -0.241474 1.166258
-1.882785 -1.090543 0.987023
-1.938715 -0.947056 -0.436251
0.121719 0.140737 1.017528
-2.199226 -1.189533 1.505580
-1.238732 -0.582750 0.075238
-2.634216 -1.626179 -0.207473
-0.992846 -0.637515 -0.705019
-2.380038 -1.191194 -0.196256
-2.890326 -1.556232 0.816343
0.092333 0.018611 -0.058988
-3.138141 -1.785198 1.332873
-1.342207 -0.800369 1.129832
-2.293666 -1.206515 0.279178
-0.617725 -0.320437 1.250274
-2.708054 -1.683568 0.110745
-1.150600 -0.821260 1.009144
-0.138884 -0.277556 0.543222
-2.636081 -1.533809 0.531192
-2.832830 -1.489711 -0.657669
-1.205780 -0.789567 1.230954
-0.055690 0.039925 -0.185986
0.032855 0.105518 0.291404
-0.591041 -0.252881 1.629681
-1.750628 -0.891110 -0.624793
-0.634581 -0.540945 0.905298
-0.582454 -0.529893 -0.283157
-0.182274 -0.023041 0.122968
-0.381930 -0.434484 -0.343320
-2.113874 -1.201287 0.994565
-2.973101 -1.840870 0.193227
-2.402176 -1.536721 1.591002
-2.422535 -1.512436 -0.764835
-0.271030 -0.162012 0.105447
-1.215076 -0.746555 1.107989
-0.783259 -0.437078 1.202109
-3.224014 -1.665292 1.500703
-1.018885 -0.523357 -0.810056
-1.126723 -0.839411 -0.181509
-1.749230 -1.178646 0.042604
-0.999524 -0.716628 0.261066
-3.014885 -1.575561 1.656594
-0.246394 -0.070293 1.571976
-0.967378 -0.755534 1.005102
-0.567646 -0.254443 0.930356
-2.560980 -1.527769 0.649569
-2.616512 -1.545726 -0.923669
0.009594 -0.095462 1.731468
-1.824132 -1.084643 -0.443996
-1.311841 -0.838819 1.665346
-0.643456 -0.485529 1.714212
-0.686736 -0.494158 -0.927635
-2.054895 -1.138616 0.260295
-1.805461 -0.873316 0.022567
-1.203081 -0.610674 1.109253
-2.496773 -1.478917 -0.407806
0.228323 -0.097610 -0.150937
-2.225447 -1.160551 0.032192
-2.177638 -1.100934 -0.905562
-2.473035 -1.491489 1.432161
-2.486421 -1.279965 1.759686
-2.511622 -1.261975 -0.639346
-0.412518 -0.235541 -0.672671
-1.238972 -0.726223 -0.527137
-1.616584 -0.962107 0.431594
-0.695322 -0.611357 -0.310523
-1.811292 -0.934500 1.565377
-1.615078 -0.884303 1.186674
-0.854129 -0.413898 0.074688
-2.578565 -1.425907 0.007396
0.171884 0.120289 -0.578070
-0.920799 -0.707878 -0.343967
-0.269991 -0.365672 -0.647403
-3.087475 -1.690100 1.765156
-1.492136 -0.870331 -0.034245
-0.505674 -0.174631 0.290491
-0.777398 -0.619591 0.670251
-0.804899 -0.460814 1.738893
-2.664219 -1.451278 0.919422
-2.906411 -1.611555 0.680476
-3.212081 -1.708779 -0.585135
-2.522658 -1.283866 -0.248247
-0.045764 0.077384 0.403718
-1.777794 -0.861894 0.585669
-0.387025 -0.342017 0.461504
-2.443298 -1.255620 1.540766
-1.015104 -0.608115 0.417669
-3.201471 -1.678126 0.276888
-2.808722 -1.734995 0.590450
0.235216 0.017245 1.764173
0.259007 -0.084992 0.094617
-1.547722 -1.042360 -0.492780
-0.899093 -0.394152 0.196247
-1.593045 -0.825515 0.393689
-2.968234 -1.593669 -0.827357
-2.589184 -1.433915 1.741728
0.054532 -0.104994 0.008734
-3.001297 -1.671203 -0.208738
-2.066718 -1.027077 -0.919575
-2.889114 -1.605588 -0.932749
0.316609 -0.048072 -0.880262
0.055612 0.033618 1.734989
-0.491686 -0.196146 1.286402
-3.070099 -1.599030 1.363848
-3.203463 -1.750008 -0.273883
-2.793437 -1.487034 0.288406
-1.203753 -0.579083 1.469556
-2.780239 -1.440424 1.044694
0.009569 -0.034744 -0.682143
-2.143972 -1.335125 -0.114747
-0.223024 -0.313744 -0.168929
-1.464872 -0.775406 -0.931660
-0.136544 -0.046767 0.377152
-1.349541 -0.629863 0.687023
0.021315 0.057449 -0.790012
-1.518840 -0.803612 -0.605730
-3.022952 -1.842172 1.688558
-1.860767 -1.209577 -0.442476
-1.970522 -1.292561 -0.468063
-1.795839 -1.154477 -0.566587
-2.523613 -1.515453 0.332315
-0.277739 -0.364228 0.150776
-2.947013 -1.790628 -0.598595
-0.005697 -0.132816 0.577471
-2.555959 -1.407346 -0.283978
-2.185352 -1.364785 -0.715969
-1.661221 -0.821620 0.534484
-0.894217 -0.715862 0.571893
-0.743468 -0.623262 1.410428
-1.242272 -0.744902 0.681964
-0.335738 -0.249597 1.745473
-1.854086 -1.234511 0.741925
-0.336051 -0.112201 1.767064
-0.617536 -0.566650 1.384782
-2.311947 -1.473818 0.792013
-2.736399 -1.392560 -0.443848
-3.001441 -1.609197 0.393795
0.155104 -0.005867 -0.709204
-3.060109 -1.731442 0.335840
-1.379727 -0.697398 0.419549
-0.726219 -0.535234 -0.539677
-2.257670 -1.127112 -0.295854
-2.341269 -1.188070 0.459112
-0.195431 -0.294176 1.289790
-2.860741 -1.523531 0.473482
-0.537033 -0.223935 -0.346767
-1.533283 -0.761669 -0.481200
-0.457812 -0.262342 0.173687
-2.205582 -1.427201 0.339342
-1.935433 -1.062215 0.855872
-2.280625 -1.431322 -0.182800
-0.400496 -0.369787 1.742866
-2.920092 -1.681144 0.873213
-1.431286 -1.008403 0.474928
-1.829201 -0.938697 -0.113983
-2.318027 -1.329966 -0.727574
-2.545792 -1.308486 -0.381976
-2.799188 -1.701376 0.212693
-0.576582 -0.546585 0.499616
0.007447 0.056153 1.290243
-1.215987 -0.798808 0.113602
-0.464602 -0.477579 0.445759
-2.475086 -1.281999 0.514179
-2.013508 -1.177253 0.425398
-0.875824 -0.380413 0.962307
-1.849033 -1.152957 1.210112
-1.426398 -0.761361 0.212880
-2.160998 -1.222920 -0.743205
-1.029694 -0.512816 0.328871
-0.170704 -0.327258 -0.852596
-1.952718 -0.987988 1.061225
0.188170 -0.125340 -0.918920
-2.884678 -1.765369 -0.433610
-1.360140 -0.646471 -0.923585
-2.953172 -1.655600 0.182447
-0.984863 -0.437337 0.514617
-0.162248 -0.131605 -0.619579
-2.428678 -1.220925 1.023669
-1.262151 -0.909881 0.675726
-3.225658 -1.697486 -0.420231
0.169668 0.189482 -0.420377
-0.356764 -0.119816 0.550940
-0.422798 -0.380116 -0.612957
-0.674003 -0.264438 1.517025
-2.216309 -1.249158 -0.198665
-0.808964 -0.415359 -0.062890
-2.191858 -1.377419 -0.547061
-2.923293 -1.711714 1.699042
-1.784418 -0.909845 1.692979
0.042903 -0.074098 -0.539295
-1.388202 -0.735490 -0.812191
-0.806363 -0.342297 1.351735
-0.531095 -0.470243 0.788483
-1.281470 -0.777975 -0.155785
-0.945340 -0.737906 -0.514397
-2.297845 -1.321420 0.352241
-0.226221 -0.066171 0.938459
-2.333430 -1.418098 0.223399
-2.553999 -1.550761 -0.305664
-0.762802 -0.326173 1.059402
-2.012164 -0.985955 1.749780
-1.020991 -0.608149 -0.422305
-2.163890 -1.338110 1.479973
-2.254867 -1.125789 -0.800611
-1.682544 -0.808163 -0.376124
-0.046552 -0.249256 1.259463
-1.785082 -0.949339 -0.376500
-2.107537 -1.218652 0.113740
-1.281066 -0.616336 -0.046556
-1.347723 -0.884847 1.506495
0.177598 -0.047168 -0.539407
-1.477253 -1.034323 -0.044070
0.307079 -0.023607 0.226087
-2.721741 -1.586203 0.224958
-1.437637 -0.757470 1.456746
0.156750 0.161997 1.350357
-2.390250 -1.197370 -0.331812
-2.220995 -1.250551 1.716794
-3.057156 -1.587757 0.135635
-2.651627 -1.507879 0.775945
-0.380516 -0.333896 1.588158
-2.812289 -1.732252 0.948691
-3.015801 -1.667368 1.251544
-0.395780 -0.140334 -0.438350
-1.763431 -0.968710 0.662374
-1.085621 -0.515187 1.083537
-1.641485 -0.931462 0.757204
-2.568752 -1.391900 1.383304
-1.258483 -0.912701 1.334916
-0.321806 -0.261721 0.612429
-0.608989 -0.524163 0.685700
-1.796080 -1.193136 0.997293
-1.980012 -1.003875 -0.555057
-1.424995 -0.982670 1.741329
0.118531 0.026775 0.418350
-0.857236 -0.647326 0.369638
-1.942551 -0.983725 -0.844186
-0.663008 -0.363927 -0.279071
-0.651355 -0.415536 0.579314
-1.521581 -1.048689 1.669293
-1.187116 -0.729184 -0.008554
-0.489663 -0.202552 0.428968
-1.303479 -0.624044 1.196363
-2.756730 -1.433823 0.725773
-0.601651 -0.434060 -0.068297
-1.618244 -1.039144 0.860692
-2.057008 -1.135983 1.687548
-0.942808 -0.463214 1.761661
-2.485133 -1.562997 1.015855
-1.250067 -0.859630 -0.059083
-1.792064 -0.868538 -0.756821
-2.366733 -1.274648 -0.028969
-2.798640 -1.508341 1.327001
-2.120208 -1.305170 0.012408
-0.355436 -0.113400 -0.642455
-2.018515 -1.266593 1.504404
-1.486795 -0.716227 1.337553
-3.100698 -1.905841 -0.337057
-3.083873 -1.743840 -0.823176
-1.451520 -0.981761 -0.819224
-1.025197 -0.671585 1.680984
-2.013479 -1.093783 1.193351
-0.110945 -0.245510 1.103753
-3.010731 -1.768704 0.783002
-1.909405 -1.075322 0.444626
-2.382271 -1.414825 -0.032776
-1.518596 -0.949560 1.581991
0.295015 -0.044341 -0.742172
0.187183 0.051679 0.735755
-2.320483 -1.420518 -0.588091
-1.824935 -1.027993 0.218497
-0.650062 -0.442165 0.055126
-2.766044 -1.395329 0.456253
-0.602984 -0.235810 0.220213
-0.151232 -0.058465 -0.194167
-2.993987 -1.827386 0.956323
-1.027808 -0.610457 0.924676
-2.735436 -1.425380 -0.581186
-0.077443 -0.154124 0.015246
-1.134384 -0.712316 0.244467
-0.473896 -0.267067 0.763199
-0.922943 -0.571953 -0.144015
-1.033666 -0.769359 -0.071903
-0.889497 -0.401370 1.618564
-2.034328 -1.329898 0.577102
-2.227633 -1.249403 0.760707
-1.081368 -0.583533 0.768742
-3.144404 -1.798977 1.666612
-3.056690 -1.577352 1.160871
-2.115777 -1.059562 -0.009730
-2.093254 -1.073263 -0.190800
-2.361146 -1.348641 0.814320
-0.515862 -0.363368 -0.761816
-1.159527 -0.706597 -0.142801
-0.768360 -0.636149 -0.148203
-1.373168 -0.684332 0.071907
-1.694344 -0.916617 -0.850978
-3.090423 -1.890216 -0.594738
-0.410473 -0.432228 0.249177
-1.357170 -0.650200 1.476907
-0.432769 -0.152408 0.838102
-3.187168 -1.726333 -0.006782
-2.318572 -1.414804 -0.375448
-1.460360 -0.978706 0.316212
-1.101007 -0.608870 0.121625
-1.719941 -1.165021 -0.238179
-0.242208 -0.276474 -0.412659
-0.011353 -0.008850 1.424025
-2.030390 -1.261887 0.214462
-2.802394 -1.418490 -0.218662
-2.788186 -1.410321 0.078177
-2.516033 -1.518788 -0.101443
-0.384741 -0.261327 -0.152224
-2.075899 -1.354156 0.849045
-1.425317 -0.929097 -0.210462
0.039419 0.001756 0.523527
-0.362075 -0.271494 0.975206
-0.075390 -0.229780 -0.930915
-1.775689 -1.190690 -0.736682
-1.338876 -0.934735 0.399181
0.054275 -0.197442 0.938527
-0.116831 0.039434 1.554337
-1.542411 -0.880318 -0.875852
-0.852234 -0.367112 1.482244
-2.238171 -1.437819 -0.053885
-2.572973 -1.535208 1.515277
-3.200416 -1.751809 1.020042
-2.024773 -1.138904 -0.345662
-3.168426 -1.623075 1.044437
-1.616988 -0.834862 1.736906
-0.838021 -0.630695 0.999114
-3.069221 -1.892458 -0.022954
-2.209456 -1.364667 0.861411
-2.689230 -1.606743 1.458880
-0.668637 -0.556513 -0.787152
-2.798921 -1.730456 -0.725440
-0.297070 -0.243760 0.388092
-0.142861 -0.294004 0.152064
-1.838283 -0.975434 -0.514365
-2.775720 -1.735008 1.720054
0.165526 -0.124144 1.328566
-0.231036 -0.147127 -0.509661
-0.679368 -0.511153 0.247666
-0.306058 -0.369940 -0.813607
-2.299423 -1.452746 0.067211
-2.186586 -1.150351 -0.118066
-0.923608 -0.637893 -0.884429
-0.116702 -0.241372 -0.520081
-2.752099 -1.427964 1.568246
-0.036448 -0.255197 0.864397
-2.999437 -1.839052 -0.408425
-2.866261 -1.497221 1.440948
-2.894680 -1.739281 -0.287332
-3.173773 -1.619828 0.678377
-0.373146 -0.112093 0.241362
-0.837558 -0.485555 -0.209895
-1.302528 -0.789186 1.356298
-0.820185 -0.584199 -0.456680
-0.592295 -0.407260 -0.393891
-1.893572 -1.243382 0.891511
-0.523140 -0.189272 1.069224
-1.208025 -0.634602 0.518941
0.246817 0.091877 1.144204
0.137906 -0.140643 1.597645
-1.575107 -0.760122 1.454208
-1.385655 -0.908965 0.234443
-1.031930 -0.624519 1.418163
-2.493259 -1.410942 -0.857853
-2.369179 -1.186576 1.711564
-2.414559 -1.526095 -0.249619
-1.814066 -1.043697 -0.231242
-2.258024 -1.274737 0.516838
-2.943979 -1.520519 0.165055
0.026869 -0.056999 1.563383
-1.456770 -0.961071 -0.589947
-2.155949 -1.391785 1.178688
-0.057325 0.012029 0.668321
-1.821374 -0.959543 0.788537
-1.398399 -0.710399 1.218046
-1.147733 -0.547245 -0.725019
-2.155919 -1.303357 1.280837
-0.344341 -0.285685 1.428771
-1.722419 -0.990202 0.502260
-1.290564 -0.928029 -0.190750
-0.025522 -0.097888 1.232874
-2.306419 -1.149980 -0.929707
-2.399097 -1.391980 -0.232407
-0.745000 -0.319422 0.083761
-1.870454 -1.202013 0.137991
0.207891 -0.119946 1.179441
-2.710040 -1.564538 0.034867
-0.885986 -0.504229 0.918594
-2.883473 -1.457679 -0.121827
-2.295882 -1.308715 1.200379
-3.121668 -1.880068 1.218563
-2.664990 -1.347363 -0.339392
-2.121337 -1.117398 -0.666330
-2.547650 -1.552561 -0.801199
-1.429499 -0.818770 -0.426128
-2.697764 -1.610555 -0.088195
-1.556480 -0.748682 -0.089456
-1.308403 -0.828496 0.563709
-2.009712 -1.321289 0.373108
-0.223242 -0.140195 -0.752766
-1.936893 -0.958049 0.313315
-2.168299 -1.398138 -0.370201
-0.560956 -0.323975 0.055725
-0.981078 -0.601250 1.056291
-1.704476 -0.855440 0.882109
-0.459730 -0.379794 0.921583
0.043716 0.082024 1.548363
0.273394 -0.083471 0.506912
-1.901466 -0.992788 1.485968
-1.656669 -1.092572 -0.605446
-3.034230 -1.610044 0.910897
-0.041197 -0.246182 0.683835
-2.733197 -1.684712 1.285762
-2.869614 -1.768229 0.123543
-0.655847 -0.422005 -0.689175
-2.566394 -1.394226 1.225184
-1.418392 -0.885746 -0.698259
-1.110020 -0.638338 -0.929759
-0.735405 -0.330906 1.648938
-0.584035 -0.366113 1.716384
-3.098096 -1.644226 1.536825
-0.120349 -0.163603 1.001350
-2.277278 -1.464180 1.215839
-0.679494 -0.295425 -0.040740
-2.199889 -1.119056 1.701831
-1.495011 -0.861086 1.271193
-0.907545 -0.708256 1.623593
0.223633 0.042072 0.143915
-0.345728 -0.097584 1.202478
-0.393364 -0.380914 0.734985
-0.015725 -0.211034 0.297236
-0.960327 -0.656936 0.046767
-1.253840 -0.736647 1.753382
-0.731090 -0.404801 -0.466825
0.210728 0.073854 -0.102775
-2.366493 -1.497478 1.033782
-0.278519 -0.357884 0.913318
-2.172796 -1.076433 0.293295
-0.791939 -0.475081 1.555798
-1.040235 -0.773811 -0.837059
-1.739847 -1.158523 -0.370588
-2.402795 -1.488192 0.138303
-2.250110 -1.168311 -0.504443
-2.067792 -1.219904 0.737353
-0.237699 -0.260960 0.271243
-0.442536 -0.358372 1.092001
-0.363120 -0.098722 1.624664
0.258112 -0.093825 1.434433
-0.076263 -0.276698 -0.231967
-1.164850 -0.550012 0.235285
0.099533 0.158903 -0.000692
-2.051759 -1.064655 0.783371
-0.870806 -0.707388 -0.764967
-2.464070 -1.253032 -0.469865
-1.708134 -0.983996 0.975593
-1.928508 -1.253456 -0.662642
-1.032681 -0.766589 0.408394
-1.850130 -1.000388 -0.664112
-1.730570 -1.054285 -0.706083
-1.886050 -0.975560 0.533859
0.027860 -0.075559 0.328300
-2.858761 -1.673697 1.235900
-2.471218 -1.401093 -0.529706
-2.000525 -0.985205 0.100859
-0.298978 -0.348873 1.115231
-2.589236 -1.330157 1.007527
-2.640161 -1.364257 -0.666739
-0.092457 -0.021720 0.248777
-1.470995 -1.001426 0.847930
-1.718402 -1.121170 -0.075070
-1.752709 -1.114885 1.100516
-0.793606 -0.330703 -0.925108
-1.047044 -0.680283 -0.214277
-2.510127 -1.271242 0.116671
-1.886584 -1.248778 -0.266173
-1.418232 -0.971887 -0.435884
-1.759330 -0.900530 1.064571
-1.247052 -0.907393 1.186540
-2.917275 -1.592899 -0.294761
-0.282485 -0.191901 0.740063
0.167646 -0.105343 0.982994
-2.156844 -1.083193 1.266391
-2.855393 -1.770205 1.565555
-1.822226 -1.156161 -0.931441
-1.310220 -0.731220 1.569821
-1.958957 -1.016898 -0.018677
-0.316252 -0.133380 -0.147091
-1.886593 -1.100520 0.703662
-2.906916 -1.681744 -0.093769
-1.059544 -0.521578 0.626811
-1.367013 -0.868627 -0.317520
-2.752852 -1.402477 -0.087161
-2.464387 -1.296703 0.326808
-0.121795 -0.012916 0.508159
-1.527980 -0.995941 0.673899
-0.643926 -0.485208 0.400716
0.068210 -0.052414 -0.366646
-1.964446 -1.118678 -0.910015
-2.493659 -1.414093 0.685822
-0.625701 -0.312399 -0.860802
-2.433755 -1.415519 -0.660963
-0.839934 -0.662904 0.141867
-2.430751 -1.218455 0.207020
-1.061147 -0.601118 -0.018266
-1.123394 -0.762643 -0.310964
-1.577370 -1.059352 0.210649
-1.957974 -1.281887 -0.160285
-2.029248 -1.272354 -0.298597
-2.046306 -1.164428 0.592990
-2.548451 -1.303131 1.615116
-1.470464 -0.692763 1.078548
-2.336208 -1.241702 1.307692
-2.720597 -1.672057 -0.927279
-1.504074 -0.766353 0.046699
-0.855942 -0.630597 1.333155
-2.453736 -1.324356 1.237800
-1.663180 -0.821200 -0.246237
-0.732669 -0.518091 1.325241
0.209675 0.015861 -0.309339
-1.267730 -0.599206 0.882175
-1.616260 -0.832833 0.076890
-1.174916 -0.578270 -0.561516
-2.168675 -1.152120 1.153806
-2.922695 -1.511285 0.989541
-1.957027 -1.130778 -0.219671
-1.942396 -1.281737 1.357743
-2.035446 -1.241175 1.156304
-1.150653 -0.845083 0.801320
-1.776977 -1.039384 -0.875819
-3.216012 -1.677130 1.648512
0.233228 0.068926 0.958937
-2.705217 -1.415586 1.202044
-2.751127 -1.442933 -0.913963
0.282585 -0.042880 1.032125
-1.447327 -0.697818 -0.378509
-0.155217 -0.291327 0.761310
-1.209587 -0.573010 1.644736
-0.109387 -0.278743 0.368174
-2.620358 -1.655174 0.443420
-2.501783 -1.253298 1.399145
-1.333149 -0.944478 0.828824
-0.942266 -0.456085 0.643860
-2.295557 -1.475638 -0.812982
-0.117347 -0.094117 1.544349
0.168310 0.103142 1.647143
-1.948020 -1.067542 0.201602
-0.091349 -0.256886 -0.065482
-1.080464 -0.764788 0.906668
-2.831668 -1.591642 -0.771236
-2.683553 -1.540574 1.616732
-0.036555 -0.161964 -0.705951
-3.146500 -1.839178 0.673985
-0.313789 -0.403322 -0.497823
-3.011353 -1.539119 0.744899
-2.282579 -1.288609 -0.351991
-1.441218 -0.710445 1.603164
-1.411157 -0.668126 0.843561
-1.651502 -0.794444 -0.928207
-1.556153 -0.953968 -0.155666
-0.488755 -0.418546 0.562580
-0.283761 -0.217137 1.207383
-0.465784 -0.251383 0.630772
-3.134878 -1.607663 -0.269415
-1.170942 -0.574752 -0.414625
-1.232174 -0.679512 -0.366014
-2.629708 -1.380991 1.498449
-0.802865 -0.639894 0.496547
-1.246105 -0.722713 0.960900
-2.019194 -1.007996 0.950067
-0.699193 -0.597280 1.541675
-0.671503 -0.266001 1.143478
0.050603 0.128149 0.591906
-1.307607 -0.609026 0.291651
-2.766635 -1.577084 0.745801
-0.484706 -0.440679 -0.504319
0.140381 -0.134009 -0.666448
-0.204818 -0.049338 -0.922071
-1.549237 -0.821590 1.594891
-3.086466 -1.738343 -0.545443
-0.676668 -0.278199 -0.379459
-0.321528 -0.388767 -0.118818
0.173957 0.181212 0.647900
-3.116467 -1.602173 -0.535009
-0.531105 -0.473935 -0.841108
-1.334719 -0.840050 -0.587906
0.274178 -0.014424 0.862143
-0.083731 -0.000052 -0.460470
-0.918816 -0.556766 0.756372
-2.128579 -1.314680 0.305718
-1.591696 -0.759040 0.787173
-2.751403 -1.690733 0.467680
-0.190558 -0.274299 0.970282
-1.863711 -1.159696 1.483150
-2.066020 -1.170046 -0.515485
-1.283447 -0.618133 -0.189414
-3.100452 -1.885106 0.377551
-2.798962 -1.661065 1.120084
-1.773334 -0.872459 0.158086
-0.790055 -0.586183 0.853525
0.286903 -0.075476 0.682554
-2.929701 -1.526488 1.301061
-1.548903 -1.057348 0.519400
-0.535566 -0.514838 -0.708327
-0.020730 -0.150419 -0.258298
-1.701983 -1.125256 1.270869
0.309529 -0.031287 1.161430
-3.115722 -1.719714 0.917741
0.005073 -0.079866 0.895183
-1.683442 -1.062065 -0.462616
-1.095410 -0.766030 -0.483095
-2.496155 -1.274854 -0.873402
-1.309667 -0.647321 -0.686414
-0.172979 -0.315657 1.420100
-2.763825 -1.618984 -0.632048
-1.851748 -1.106469 1.731757
-1.117124 -0.754415 1.731369
-1.567632 -1.033948 -0.325654
-1.455738 -0.977083 0.988189
-2.790142 -1.516745 0.609957
-2.364704 -1.295702 0.117712
-2.630826 -1.499263 -0.409564
-0.056022 -0.041554 1.004774
-0.512400 -0.502411 0.096658
-3.097169 -1.634164 -0.395095
0.058304 0.084443 0.911314
-1.171180 -0.712720 0.381912
-3.120724 -1.742518 1.184297
-0.516505 -0.353557 1.572775
-1.172900 -0.667898 1.560586
-0.343840 -0.274748 -0.325110
-1.895110 -0.944524 -0.285352
-1.371418 -0.922846 -0.066768
-0.815502 -0.371959 -0.585185
-2.128827 -1.269943 1.607187
-1.577047 -0.781805 1.032346
-3.005745 -1.556417 -0.475377
-0.105481 -0.122918 -0.414770
-2.052080 -1.015113 -0.446681
-0.056030 -0.019894 0.023253
-3.016573 -1.818352 1.273597
-1.351053 -0.956559 1.109218
-0.108967 -0.294804 -0.684946
-0.970791 -0.575102 0.190199
-2.909498 -1.746027 0.328593
-0.911716 -0.482271 1.259381
0.245565 -0.088501 0.368911
-0.629215 -0.568481 0.105149
-0.146782 -0.137721 1.200680
-2.492311 -1.415452 1.567327
-0.453816 -0.154290 0.050238
-2.313581 -1.217612 0.943059
-1.687847 -0.910484 -0.475456
-0.781925 -0.507007 -0.672218
-0.180623 -0.132471 0.570557
-2.645969 -1.505512 -0.643388
-0.065106 0.066531 -0.601986
-0.501321 -0.480720 1.752053
-1.616168 -1.069456 -0.154520
-1.338253 -0.686766 -0.451330
-1.168047 -0.532111 -0.880157
-1.259852 -0.858317 0.936818
-2.268841 -1.152623 1.067861
-1.697121 -1.144106 0.476115
-2.936927 -1.658475 0.502712
-2.894375 -1.803647 -0.042098
-2.367550 -1.206625 1.158187
-3.144563 -1.861489 0.517649
0.033137 -0.125576 1.359646
-2.165953 -1.384516 -0.234457
-2.640471 -1.548415 1.239175
-0.369649 -0.388637 1.289636
-2.344598 -1.179014 1.480949
-2.062584 -1.283167 -0.657470
-2.704252 -1.668720 1.623933
-2.096147 -1.316637 -0.825760
-3.176344 -1.619135 1.203401
-0.233490 -0.035042 1.166091
-2.364074 -1.298487 -0.904702
-2.705994 -1.672027 0.339488
-2.198704 -1.212538 0.383048
0.084845 -0.124212 0.730992
-2.290196 -1.180631 1.604782
