-0.123095 -0.643704 -0.347274 -0.266055 -0.379956 -0.347274
-0.123095 -0.643704 0.316726 -0.266055 -0.379956 0.316726
-0.123095 -0.643704 0.980726 -0.266055 -0.379956 0.980726
-0.685590 -0.948593 -0.347274 -0.828549 -0.684846 -0.347274
-0.685590 -0.948593 0.316726 -0.828549 -0.684846 0.316726
-0.685590 -0.948593 0.980726 -0.828549 -0.684846 0.980726
-1.248084 -1.253483 -0.347274 -1.391043 -0.989735 -0.347274
-1.248084 -1.253483 0.316726 -1.391043 -0.989735 0.316726
-1.248084 -1.253483 0.980726 -1.391043 -0.989735 0.980726
-1.810578 -1.558372 -0.347274 -1.953538 -1.294625 -0.347274
-1.810578 -1.558372 0.316726 -1.953538 -1.294625 0.316726
-1.810578 -1.558372 0.980726 -1.953538 -1.294625 0.980726
-2.373072 -1.863262 -0.347274 -2.516032 -1.599515 -0.347274
-2.373072 -1.863262 0.316726 -2.516032 -1.599515 0.316726
-2.373072 -1.863262 0.980726 -2.516032 -1.599515 0.980726
