-1.608342 -1.195694 1.107455
-0.557390 -0.562120 1.242672
-0.846330 -0.211629 -0.404635
-1.709261 -1.815307 1.434679
-1.826078 -2.386859 1.574123
-2.520148 -2.089036 0.218991
-0.337325 0.142231 -0.319802
-1.561651 -1.581297 0.556477
-1.971547 -1.670903 0.581889
-2.165583 -2.119053 -0.703106
-2.151088 -2.779602 1.435408
-1.443246 -1.849759 0.250221
-0.733819 -0.755784 -0.265101
-0.672751 -0.126389 1.513656
-1.256828 -0.749862 -0.485822
-1.431329 -0.666628 1.352275
-1.170289 -0.188280 0.453243
-2.342585 -1.975286 0.780809
-1.273482 -0.328421 -0.540950
-2.604869 -2.430158 1.516293
-0.409127 -0.271832 0.074479
-0.829169 -0.865942 1.255082
-0.874821 -0.199770 0.847063
-0.773798 0.336580 1.560150
-1.593825 -1.435230 -0.215652
-2.144745 -2.865536 -0.566684
-0.596002 -0.526793 -0.710030
-0.802879 -0.172183 0.005767
-1.386431 -1.783167 0.880022
-0.599342 -0.007207 0.614933
-2.703786 -2.443150 0.759292
-2.208656 -2.418719 0.965921
-0.847920 -0.940227 0.491761
-1.153338 -1.436518 0.386190
-2.072602 -1.953409 1.574880
-1.710717 -0.961389 1.451321
-2.021236 -1.725322 0.183893
-1.172249 -0.120738 -0.151423
-1.507682 -1.454276 0.176371
-0.955948 -0.646266 0.939977
-2.086401 -2.818927 0.358558
-1.611345 -0.872045 0.009499
-1.509853 -1.346478 1.521570
-1.073919 -1.211266 0.808494
-1.240314 -0.910136 1.066849
-0.462893 0.128197 -0.729033
-1.983819 -2.645522 -0.016656
-2.038429 -1.540160 -0.668291
-2.058288 -1.738298 -0.219936
-1.916339 -2.251667 0.491906
-2.393275 -1.986873 -0.146486
-0.133774 0.043970 0.433378
-0.765730 -0.533196 0.538354
-2.238550 -2.275232 1.398035
-1.692162 -0.867373 0.550128
-1.408242 -1.157112 0.538624
-0.912588 -1.077243 -0.474933
-2.296345 -1.851803 1.253177
-0.996936 0.133131 0.637274
-2.490022 -2.641916 1.143221
-2.750700 -2.436816 0.236721
-1.180800 -0.132000 1.137613
-1.421325 -0.543286 0.885926
-1.836009 -1.230885 0.742928
-1.977245 -1.280947 -0.352482
-0.719982 -0.683880 0.139471
-1.884569 -2.309543 1.183733
-2.211016 -2.323154 0.078490
-1.631605 -2.067605 -0.681806
-2.486009 -2.643317 0.011837
-1.119150 -0.876172 1.548924
-1.427615 -1.809236 -0.290646
-1.687068 -2.174824 0.167865
-1.197201 -1.471366 -0.131444
-1.340350 -0.813228 0.331675
-1.008003 -0.446609 1.346669
-0.398730 -0.359904 0.644376
-1.885236 -2.155627 -0.311972
-0.654658 0.226521 0.265577
-0.673674 0.202538 1.195834
-0.331396 -0.065874 1.124090
-0.716298 0.415218 0.695624
-1.355866 -0.429166 0.149734
-2.322811 -2.429022 0.558174
-0.999360 -1.099962 0.115902
-2.282625 -2.491753 -0.336766
-1.640059 -1.586618 -0.604055
-1.941924 -2.455274 -0.577025
-1.754817 -2.051622 0.899829
-2.513711 -2.199064 -0.502330
-1.297132 -1.634971 1.341940
-0.995561 -0.029616 -0.729547
-1.334798 -1.101893 -0.217427
-2.680973 -2.304349 -0.148832
-1.072570 -0.081620 1.541343
-1.490999 -1.055635 -0.660582
-1.060973 -1.291924 1.253440
-0.750636 0.212076 -0.436748
-1.076769 -0.512723 -0.129404
-1.872988 -1.272600 0.061294
