-2.644187 -1.234896 0.110328
-0.313280 0.701520 -0.249552
-0.926770 0.339016 -0.782344
-1.987323 -0.284604 0.409663
-0.601774 0.236503 1.028636
-1.951444 -0.635879 0.177188
-0.137582 0.271119 0.255144
-0.665375 0.033854 1.516317
-1.296397 0.216669 -0.456639
-3.123930 -1.504576 -0.327750
-2.328860 -0.437204 -0.667874
-0.391043 -0.035974 0.822589
-1.688712 -0.286176 1.071687
-2.107340 -0.953101 0.990166
-0.346549 0.755989 1.021719
-0.303948 0.678742 -0.809891
-2.382704 -1.046911 0.472907
-2.137833 -0.957071 1.639667
-2.869983 -0.931312 0.380454
-1.464073 -0.129811 -0.448872
-2.723040 -0.797710 1.490788
-0.432391 0.295846 -0.675012
-0.276651 0.641567 1.527767
-3.414447 -0.961812 1.355861
-1.196205 0.108255 1.529233
-1.627420 -0.081772 0.702565
-1.045003 0.335830 1.113420
-2.564073 -0.800464 -0.809188
-1.276691 -0.122465 1.064446
-1.494999 -0.446457 1.609835
-2.535581 -1.200175 1.052757
-1.226050 -0.083196 -0.023471
-0.941610 -0.308474 -0.143065
-0.052172 0.147155 0.962508
-0.748941 0.505629 0.126052
-1.109397 -0.184168 0.369050
-0.990626 -0.212789 1.550011
-3.019502 -1.203422 -0.558794
-0.309585 0.026164 0.007939
-3.250197 -0.857415 -0.759783
-2.581816 -0.483718 1.023681
-1.685859 -0.109069 1.474360
-0.630192 -0.162168 -0.460420
-2.750114 -0.544121 0.424178
-0.143006 0.270705 1.632277
-0.675595 0.563414 0.575473
-0.967054 0.155334 0.474909
-1.973820 -0.861694 0.583124
-0.723131 0.467374 1.344501
-3.263612 -1.252001 1.640955
-3.137081 -1.374642 0.329797
-1.845883 -0.300627 -0.561851
-2.370140 -0.461111 0.463322
-2.986952 -1.431015 0.771301
-2.099694 -0.676418 -0.190702
-0.301145 0.708830 0.188403
-2.532006 -1.196978 -0.701231
-2.783478 -0.855556 1.117994
-1.519566 -0.607329 1.220796
-1.711780 -0.741619 -0.214011
-0.710411 -0.192387 0.144766
-0.273530 0.415266 0.805689
-3.136367 -1.493709 -0.776184
-2.810861 -0.846726 -0.459220
-0.853263 -0.150782 1.054088
-3.131990 -1.499307 1.120718
-1.897599 -0.658716 1.212379
-3.130119 -0.870603 1.592195
-2.874090 -0.718405 -0.010339
-2.173538 -0.438390 0.975062
-1.121300 0.307369 -0.028019
-2.286214 -0.926091 -0.538824
-0.607202 0.580178 -0.483462
-3.266264 -0.909774 0.566870
-2.725970 -1.095516 0.727930
-2.101833 -0.223161 1.281209
-0.925522 -0.308610 -0.807548
-2.396867 -0.931638 1.348501
-3.063423 -1.193365 -0.088305
-0.387922 0.401175 -0.017658
-3.342253 -0.895572 0.007662
-1.976826 -0.526932 1.569472
-0.344344 0.755986 0.567382
-2.930639 -1.378074 1.458356
-1.336654 -0.342690 -0.763699
-2.515610 -0.653095 -0.281627
-1.771756 -0.124701 -0.164147
-1.228721 -0.492402 0.095433
-0.317964 0.061788 1.304637
-1.576999 -0.671389 -0.610893
-2.901176 -0.732615 0.721957
-1.244891 -0.424274 -0.348375
-0.699171 -0.148012 0.594898
-2.257103 -0.320669 -0.303397
-1.160552 -0.436814 1.271174
-1.270876 0.249197 0.711710
-0.061508 0.161330 -0.773669
-3.195862 -1.093534 1.020138
-3.363616 -1.037753 -0.344288
-2.488251 -1.124311 -0.247306
