-0.009541 -0.278616 1.590845
-1.395060 -2.095566 1.392721
-1.020063 -1.294018 -0.814881
-0.360629 -0.717487 0.008635
-1.463018 -2.068197 -0.812561
-0.571895 -0.830689 1.560848
-0.084669 -0.159875 1.329328
-1.277422 -1.854544 -0.167167
-0.316630 -0.384327 -0.253865
-1.965622 -2.822073 0.583961
-0.922930 -1.448398 -0.794799
-0.643161 -0.773572 0.713583
-1.109548 -1.602027 0.570905
-0.899144 -1.620887 1.305047
-1.660645 -2.344793 0.569834
-1.173744 -1.746564 0.028002
-0.633712 -0.966559 0.439690
-0.350871 -0.675386 -0.230633
-1.131332 -1.707215 0.683093
-1.403463 -1.873777 -0.131576
-1.789522 -2.863477 -0.272024
-1.646862 -2.543672 -0.602043
-0.948697 -1.654061 -0.506471
-0.849037 -1.307051 1.632519
-0.902599 -1.141195 0.487805
-0.424368 -0.903574 0.998475
-2.085971 -2.995274 0.265072
-0.383890 -0.404913 0.999854
-0.975277 -1.348544 0.120962
-2.090100 -3.043943 -0.768987
-0.669330 -0.884225 1.463338
-1.180251 -1.529344 1.703550
-1.845702 -3.010166 -0.017754
-0.713698 -1.260079 1.656072
-0.736265 -1.275392 -0.321066
-1.643223 -2.679248 -0.573377
-2.019205 -2.943383 1.204257
-0.182862 -0.300501 0.069196
-0.567464 -0.871709 -0.847654
-1.959204 -2.917946 -0.630499
-0.515501 -1.023191 -0.144894
-0.107928 0.009978 0.664464
-0.026855 0.091581 1.638044
-0.942454 -1.449349 0.507710
-1.626908 -2.185509 1.145991
-1.657462 -2.335283 0.406375
-1.207909 -1.590545 0.274395
-1.106219 -1.845424 1.088460
-1.228452 -2.034729 -0.269592
-1.871878 -2.799623 0.696525
-1.558170 -2.542699 1.256520
-0.039137 -0.311286 -0.587811
-0.789696 -1.010360 -0.045826
-0.166447 -0.372266 0.392040
-0.561179 -1.098744 0.526196
-2.030619 -2.799167 1.058569
-0.072720 -0.293220 1.124054
-2.223574 -3.032254 -0.234847
-0.567499 -0.860233 -0.338109
-1.821973 -2.495452 0.902577
-1.708246 -2.534571 0.961291
-1.238918 -1.889545 0.400102
-1.586387 -2.170532 -0.369335
-0.542571 -0.939599 -0.731529
-1.114871 -1.445242 0.125741
-1.187569 -1.550303 0.677175
0.096566 0.144300 -0.417507
-0.774604 -1.437419 0.681815
-1.582058 -2.520074 1.656840
-2.181566 -2.986183 0.125879
0.142589 -0.073709 0.044412
-0.020426 -0.309869 -0.160030
0.220398 0.032162 1.600052
-1.646383 -2.415658 -0.349103
-1.245918 -1.745780 -0.258893
-1.425388 -2.250505 0.846507
-0.382694 -0.792935 0.930793
-1.684191 -2.560991 0.302936
-1.049994 -1.399154 -0.741077
-1.836604 -2.491303 0.772673
-0.080488 -0.238754 -0.009922
0.102038 0.093307 1.300607
-1.030823 -1.816212 0.544668
-0.005678 -0.107536 0.209203
-0.280950 -0.737239 1.007267
-0.073267 -0.331732 0.309726
-0.603263 -1.163970 1.042896
-0.918186 -1.255508 1.158995
-1.345981 -1.769260 -0.632583
-0.796121 -1.487124 -0.164995
-0.013616 0.029581 0.536191
-0.159066 -0.227082 -0.563504
-0.846663 -1.107542 0.679404
-1.311548 -2.224359 1.442315
-0.078166 -0.310259 1.295037
0.202750 -0.049009 -0.209618
-0.058903 -0.105304 -0.052842
-1.431164 -2.145997 0.469172
-0.948596 -1.558512 0.373103
0.164768 -0.080594 -0.471444
-0.839623 -1.141910 1.080171
-0.278697 -0.268553 -0.306396
-1.277397 -1.675479 -0.136080
-0.983474 -1.761137 0.687892
-1.797263 -2.448080 -0.076605
-1.371865 -2.197020 -0.510623
-0.989068 -1.728942 0.998649
0.099290 -0.015102 1.710712
-2.050769 -2.948513 1.433622
-1.272538 -1.755566 -0.422193
-0.886100 -1.397507 -0.512468
-0.851213 -1.559886 -0.048750
-0.336435 -0.381451 0.104028
-1.179997 -1.618495 -0.233071
-1.813177 -2.440247 0.601091
-0.695499 -1.049648 -0.478183
0.031236 -0.233960 1.270427
-0.574314 -0.693969 0.479091
-2.062620 -2.814762 1.438291
-1.382658 -1.823622 0.989652
-0.461234 -0.755692 0.503860
-0.835634 -1.454958 1.683911
-0.860530 -1.485774 -0.654458
-1.793336 -2.637475 -0.798227
-1.341549 -2.267605 1.318501
-1.628131 -2.653819 1.158549
-2.049610 -2.814666 0.889627
-0.483450 -0.850107 0.399512
-2.183807 -3.034712 1.015289
-1.061156 -1.617088 -0.115343
-0.274219 -0.304354 1.021708
-1.340093 -2.008449 -0.100509
0.206909 0.026393 0.298799
-0.770323 -1.063674 1.184144
-1.895991 -2.753411 0.450619
-0.270982 -0.260724 0.377720
-1.957090 -3.125521 1.001441
-0.411405 -0.632497 1.705807
-0.177634 -0.111137 -0.652104
-1.536085 -2.310473 0.898353
-0.336328 -0.430365 -0.060122
-0.548853 -1.049913 0.779297
-0.740468 -0.982666 0.286415
-1.494529 -2.446354 1.582187
-1.191024 -2.059946 -0.130959
-0.200487 -0.117687 1.667923
0.076726 0.027657 -0.481343
-0.235236 -0.518889 1.198443
-1.202106 -1.863272 -0.845941
-1.737913 -2.780756 0.926428
-0.104135 -0.200714 1.505904
-0.120315 -0.436156 1.176491
-0.046545 0.078013 -0.351354
-1.147947 -1.725476 -0.153983
-1.175847 -1.600859 -0.019935
-0.091699 -0.301998 0.890487
-1.953438 -2.755205 1.565487
-1.386316 -2.316209 0.115581
0.014292 0.184239 -0.283647
0.172882 0.091923 1.003826
-0.182216 -0.124328 0.001243
-2.014415 -2.975869 1.050605
-1.846677 -2.492828 1.666732
-1.193666 -2.024422 -0.547711
-1.925486 -3.046036 0.900676
-0.244642 -0.658012 -0.792475
-1.380947 -2.052069 -0.281594
-1.534944 -2.461503 -0.043063
-0.724034 -0.882946 -0.407932
-0.573947 -1.163495 -0.135774
-2.115301 -2.908282 1.296521
-1.356208 -1.868073 1.221610
-1.773819 -2.715803 -0.678028
0.232890 0.025223 1.459827
-0.545773 -1.087413 1.449187
-1.132373 -1.690656 0.826477
-1.972952 -3.191698 1.446709
0.124591 -0.104652 1.329993
-0.089476 -0.439265 0.599072
-0.491576 -0.992613 0.447688
0.020533 0.044128 -0.619196
-0.229917 -0.674746 1.363479
-1.458726 -2.379840 1.355703
-0.768390 -1.271321 1.160358
-0.500902 -0.974733 0.879564
-1.229231 -1.919007 0.018788
-1.166390 -1.927439 -0.178874
-0.937582 -1.177957 0.353998
-1.645880 -2.279081 0.784147
-1.551666 -2.581737 -0.191965
-1.091434 -1.873419 1.430277
-1.012478 -1.544604 0.124642
-1.310281 -2.161015 0.085716
-1.487539 -2.365961 -0.436852
-1.652434 -2.694773 0.029276
-1.184114 -1.683916 1.203917
-0.712927 -0.872209 1.594210
-1.731572 -2.368695 1.431196
-0.706096 -1.276680 1.521182
-1.437415 -2.131236 -0.601613
-2.055788 -3.075723 0.734124
-1.508714 -2.009180 -0.633823
-1.129913 -1.492887 0.414818
-0.594046 -0.697756 -0.315091
-0.602240 -0.968004 -0.025875
-0.034974 -0.276323 -0.413430
-1.629742 -2.688879 1.577428
-0.582897 -1.124430 0.657696
-1.049853 -1.458339 -0.163547
-1.486569 -2.143870 1.293367
-1.699238 -2.326111 -0.010994
-1.041356 -1.372614 0.840544
-1.075417 -1.423249 -0.377404
-0.443413 -0.707141 0.370286
-0.872690 -1.589276 0.900589
-1.180646 -1.768615 0.398435
-1.851929 -2.560419 -0.124145
-0.292630 -0.389569 1.473653
-1.168700 -1.984781 1.064064
-1.206327 -1.571154 -0.370839
-0.436124 -0.884431 0.066657
-1.407544 -2.363149 0.361925
-0.797070 -1.198241 1.574490
-1.268403 -1.931104 -0.364522
-2.089474 -2.931632 0.832976
-1.553430 -2.396443 0.088983
-1.309900 -2.093938 1.230886
-2.011589 -3.152433 -0.770008
-0.316956 -0.547048 0.433157
-0.818503 -1.325821 -0.156315
-1.016661 -1.622966 0.749514
-1.369737 -1.893252 0.802133
-1.120875 -1.963809 0.877202
-0.466830 -0.794434 -0.024071
-0.790017 -1.446558 0.543179
-0.701782 -0.839256 0.390083
-0.683568 -0.820266 0.583611
-0.594766 -0.894349 0.721185
-0.383940 -0.586310 0.268294
-0.579245 -0.982214 0.283058
-0.002999 0.029039 1.502572
-1.978211 -3.191158 -0.362693
-1.981063 -3.060386 -0.355626
-1.305906 -1.889471 -0.571650
0.067861 -0.090214 0.631446
0.028838 -0.298920 0.693531
-1.890008 -2.847749 0.054000
-1.823779 -2.947966 0.404407
-0.525952 -0.588664 1.189577
-0.328033 -0.429880 0.351383
-0.017433 -0.225350 0.810578
-0.371760 -0.730411 -0.532627
-2.097935 -2.880847 1.551795
-1.562859 -2.537887 0.443077
-1.066358 -1.638524 -0.847013
-0.474054 -0.803826 0.757796
-1.372783 -2.260734 0.434562
-0.681320 -1.105570 0.457931
-0.483258 -0.917992 1.130727
-0.202019 -0.483064 0.325208
-1.244923 -2.079724 0.999981
-1.372018 -2.200957 -0.023547
-1.566354 -2.279175 -0.028676
0.079384 -0.169269 -0.550024
-0.847638 -1.520790 1.015498
-1.006579 -1.523952 -0.424874
-2.184729 -2.977859 1.396956
-1.953681 -2.941001 0.150160
-0.693727 -1.344584 -0.681875
-0.417057 -0.501391 1.665092
-0.155435 -0.563379 0.655275
-1.876266 -2.754025 0.954552
-0.859544 -1.411539 1.161909
0.219910 0.054819 -0.362554
-0.279942 -0.418374 1.093024
-0.592202 -0.790722 0.326151
-2.216655 -3.045648 -0.798983
0.038573 -0.233520 0.323953
-1.844140 -2.494202 0.427975
-1.196961 -1.893802 0.151502
-1.649109 -2.696134 0.428048
-1.291234 -1.796857 1.490508
-1.807664 -2.876307 0.518205
-0.219074 -0.175078 0.842045
-0.440950 -0.482447 1.522667
-1.434295 -2.367718 -0.002533
-0.788131 -1.058966 0.187162
0.095125 -0.040024 0.287455
-1.771495 -2.507784 -0.219791
-0.417335 -0.478888 -0.689479
-1.660071 -2.689203 1.712522
-1.026136 -1.638533 0.884083
-1.285893 -1.949517 1.518630
-0.318895 -0.795270 1.659869
-1.767507 -2.617365 1.497150
-2.069154 -2.843630 0.435722
-1.712312 -2.592949 -0.703843
-1.526224 -2.041395 0.275644
-0.082301 -0.396219 0.724655
-0.064179 -0.379536 1.027213
-0.856031 -1.390989 1.026200
-0.116759 -0.135204 0.969475
-1.810739 -2.438585 -0.436166
-1.120059 -1.849646 0.657820
-1.459068 -2.142784 0.167287
-0.741025 -1.343344 -0.556621
-1.946648 -2.703276 -0.847037
-1.639357 -2.189848 0.510100
0.153552 -0.105474 1.136161
-0.004832 0.020163 0.778947
-1.974988 -3.138536 -0.153755
-0.335702 -0.474909 -0.350767
-0.957854 -1.245694 1.446482
-1.902682 -2.611566 0.758368
-1.465669 -2.056577 0.845852
0.002904 -0.096382 -0.345885
-1.721671 -2.767822 1.527443
-0.421591 -0.621303 0.568804
0.109658 0.134634 1.430593
-0.224987 -0.662465 -0.570427
-0.232507 -0.433732 1.358157
-1.984678 -2.704245 0.684868
-1.544374 -2.548158 -0.492878
0.031777 -0.250790 0.974889
-2.092042 -3.053938 -0.257352
-0.469666 -1.009571 0.178605
-1.668892 -2.695965 -0.795989
-0.469931 -0.893464 0.570064
-1.991745 -2.747403 0.318103
-2.091569 -2.982775 -0.475616
-1.666678 -2.371269 -0.848429
-1.500925 -2.373606 1.222246
-1.377886 -2.124969 -0.163010
-1.848468 -2.885081 -0.700463
-1.743897 -2.642339 0.738212
-2.173508 -3.073799 1.270640
-0.883319 -1.120823 1.473372
-1.552145 -2.088261 1.498696
-1.753412 -2.780783 0.000182
-1.677451 -2.766835 -0.355543
-0.878035 -1.220963 -0.402764
-0.956809 -1.487343 1.242092
-0.929522 -1.444867 0.918819
-1.403040 -1.887656 -0.290202
0.009408 -0.330898 1.467575
-0.700842 -1.199858 -0.593923
-0.465755 -0.506165 -0.420986
-0.762373 -0.925098 1.711642
-1.346478 -2.042989 -0.451159
-0.563615 -0.705526 -0.482877
-0.642234 -1.200228 -0.733035
-1.551966 -2.213913 1.662382
0.201986 -0.038065 1.026969
-0.802404 -0.988294 0.739978
-0.304912 -0.633096 1.210412
-0.832827 -1.495992 1.286224
-0.213433 -0.492072 0.556949
-1.342835 -2.086053 0.907583
-1.644912 -2.672892 0.558791
-0.912188 -1.482460 0.229678
-0.235563 -0.563219 1.039137
-2.091227 -3.139055 1.121618
-1.485004 -2.240584 1.444715
-1.500051 -2.131467 -0.475872
-0.137734 -0.263333 0.743655
-0.742990 -1.395606 0.410294
-0.679312 -1.315594 0.312913
-0.561249 -0.707141 0.175005
0.019302 -0.188083 1.422335
-1.293507 -2.176597 1.571641
-1.945890 -2.999268 1.682092
-1.985563 -3.002646 -0.019844
0.187240 0.079800 0.593563
-1.707289 -2.771401 1.391774
-0.310910 -0.320298 1.660756
-0.945702 -1.311867 0.361115
-2.015756 -3.113183 1.598754
-0.412967 -0.454419 1.128964
-1.323745 -2.191372 0.560243
-1.455377 -1.964993 0.170705
-1.223139 -1.972427 1.274618
-1.217797 -2.012526 0.348115
-0.458879 -0.938055 0.708870
-2.056807 -2.800663 -0.764453
-0.009724 -0.180155 -0.243522
-1.310065 -1.728746 1.316372
-1.958010 -2.900219 -0.102546
-1.800182 -2.923831 0.782613
-1.802685 -2.472035 -0.735748
-2.005865 -2.936871 -0.794514
-0.255667 -0.657892 1.705522
0.243973 0.022839 1.289764
-0.309392 -0.534411 0.686753
-1.037488 -1.801925 -0.143579
-1.074193 -1.410491 1.688107
-1.754044 -2.426152 1.259589
-1.071912 -1.370424 0.984160
-1.601252 -2.631419 0.690374
-1.513457 -2.273000 0.585709
-1.060846 -1.856892 0.416059
-0.572869 -0.773754 0.060778
-0.969282 -1.299207 -0.272830
-1.057519 -1.509525 0.255970
-0.646391 -1.212205 1.236703
-0.095709 -0.059362 -0.236473
-0.499184 -0.564148 0.787496
-1.035997 -1.415284 -0.523563
-0.317323 -0.782980 -0.724231
-1.428859 -2.096594 0.031830
-1.609414 -2.296686 1.332046
0.086004 -0.172310 -0.414871
-1.573343 -2.597546 0.083778
0.085606 -0.150972 1.607720
-0.376007 -0.654192 1.071050
-1.847191 -2.646149 1.646758
-1.193537 -1.752589 1.599874
-1.847109 -2.986336 -0.848868
-2.097176 -2.887925 -0.596139
-1.130179 -1.954272 0.522321
-0.961750 -1.606456 1.418125
-1.933670 -3.015569 0.743926
-1.817991 -2.585021 -0.355371
-0.602826 -0.706030 -0.849993
-1.049502 -1.759098 1.363190
-1.788596 -2.613069 -0.543439
-0.999952 -1.585006 1.582088
-0.549192 -0.630197 -0.015003
-0.050460 -0.161030 -0.848895
-0.472654 -0.870478 1.464453
-1.699909 -2.288193 -0.598684
-1.788416 -2.568694 0.019992
-0.309774 -0.523445 0.917368
-0.840665 -1.555744 0.149062
-0.367386 -0.720524 0.704914
-1.702550 -2.409438 -0.545393
-1.551400 -2.213984 0.416274
-1.400258 -2.347255 -0.580229
-0.788751 -1.206031 1.439183
-0.604312 -1.217039 0.137103
-0.691917 -1.264715 -0.072018
-0.971954 -1.271986 0.235959
-1.516819 -2.121456 0.573877
-1.324426 -2.234261 -0.634328
-0.683856 -1.334166 0.057526
-0.853046 -1.063468 -0.662770
-0.514141 -0.596040 1.474484
-1.351593 -2.019195 0.722273
-0.815216 -1.427810 -0.028053
-0.590392 -0.772778 1.418503
-0.529256 -0.738104 1.043021
-0.714767 -1.330030 1.314293
-1.749065 -2.762146 0.305731
-1.114777 -1.952928 -0.053106
-1.467411 -2.247645 -0.741365
-0.877850 -1.558878 -0.420395
-1.347785 -2.283835 -0.841529
-0.442375 -0.743530 -0.297815
-0.622170 -0.803827 -0.747277
-0.900420 -1.221048 0.714564
-0.077393 -0.115770 -0.566336
-1.911149 -2.631386 0.551469
-0.730496 -0.898258 -0.115944
-2.131858 -3.112317 0.443414
-0.857032 -1.357192 0.754473
-2.005394 -3.021962 0.433003
-0.485115 -0.973841 -0.337769
-1.396071 -2.162095 1.685796
-1.788614 -2.925481 1.510709
-0.802958 -1.346276 -0.771202
-1.932704 -2.874005 0.803354
-1.904429 -3.004906 -0.713363
-0.900453 -1.239578 0.076622
-0.761987 -1.136284 -0.385099
-1.155261 -2.014598 1.615245
-0.945375 -1.577911 -0.847744
-0.418719 -0.823961 -0.615311
-0.730991 -1.185122 0.108956
-1.874544 -2.753726 0.824411
-1.269119 -2.133989 0.775417
-0.337546 -0.813305 1.441086
-0.238544 -0.484930 0.043134
-0.057670 -0.070951 1.647990
-1.017205 -1.307097 1.619767
-1.618270 -2.498912 0.200893
-1.937950 -2.630920 -0.333330
-1.371081 -2.009991 -0.645731
-0.785741 -0.974509 0.415600
-0.363760 -0.560576 -0.590936
-0.466748 -0.613984 -0.320069
-0.917174 -1.668446 0.129778
-0.213244 -0.250236 0.634826
-2.108761 -2.926096 0.968679
-1.485521 -2.014539 -0.375879
0.039789 0.163499 -0.035150
-0.258876 -0.494713 -0.845092
-0.891522 -1.112004 -0.189842
-1.811029 -2.711399 -0.268557
-1.895769 -3.082881 1.361824
-2.202314 -3.007488 0.683653
-0.597446 -1.207057 -0.377752
-0.563778 -0.719825 -0.643119
-0.712029 -1.104128 0.972501
0.122893 0.051392 0.468844
-1.626596 -2.202112 -0.232513
-0.652091 -1.105389 0.848078
-0.004238 0.051385 -0.228606
-0.518565 -1.076726 -0.836280
0.034762 -0.296584 -0.807750
-1.394510 -1.849511 -0.451889
-1.729307 -2.422207 0.733393
-1.040694 -1.397841 0.336105
0.098799 -0.185239 0.742800
-1.914799 -2.673965 -0.457281
-1.263325 -1.925913 0.913353
-1.117664 -1.845541 1.241616
-0.282944 -0.652991 0.346158
-1.745044 -2.852548 -0.586228
-1.036601 -1.500350 -0.626318
-1.248814 -1.728296 0.546474
-1.981256 -2.699038 1.230964
-0.788413 -1.459689 0.298946
-0.123875 -0.402590 -0.700749
-0.279129 -0.287674 -0.034163
-0.851048 -1.264886 1.327178
-1.292139 -2.112444 0.416409
-2.065028 -3.057182 0.960345
-0.987245 -1.485188 1.034985
-1.640592 -2.231816 0.314722
-0.790503 -1.081522 0.560886
-0.839643 -1.541104 1.415717
-1.561937 -2.077422 -0.258475
-0.744401 -0.905528 1.324202
-2.151413 -2.931450 1.155047
-1.960793 -2.904917 1.519291
-1.584805 -2.168331 0.894969
-0.637246 -0.849188 -0.587622
-1.437124 -2.246091 -0.406758
-1.116933 -1.887358 -0.496590
-0.832273 -1.206343 -0.633740
-1.103237 -1.492937 -0.017019
-0.948646 -1.280456 1.003467
-0.216046 -0.182227 1.255913
0.021127 0.199112 1.698723
-1.342812 -2.023130 0.511979
-0.093969 0.017570 1.345850
-1.524101 -2.044701 1.374183
-0.607606 -0.851675 1.702159
-1.757965 -2.839529 0.152776
-2.032389 -3.070896 1.392984
-0.148953 -0.539258 -0.034895
-1.558386 -2.391366 -0.155486
-1.848109 -2.805596 1.501233
-1.432865 -1.971023 0.386790
-1.867893 -2.590591 1.259735
-1.516443 -2.363445 1.023666
-1.303630 -1.844899 0.567301
-1.412176 -1.880928 -0.678598
-1.118917 -1.892330 -0.357235
-1.139423 -1.486783 0.822418
-1.056468 -1.759426 0.196992
-1.561249 -2.138782 -0.710650
-1.199995 -1.559449 1.161782
-0.172508 -0.501741 1.457688
-0.220474 -0.272222 1.420149
-1.170548 -2.005003 1.473129
-1.078679 -1.490696 -0.834587
-0.108661 -0.070449 -0.755430
-0.667220 -1.037368 0.086936
-0.195860 -0.334104 1.569903
-0.794345 -1.096395 1.309285
-0.330479 -0.805886 -0.330903
-1.740752 -2.674364 0.136154
-1.179775 -1.698874 1.054800
-1.531260 -2.174503 0.271077
-1.299325 -1.796203 0.118321
-2.091640 -2.846394 0.608425
-0.646075 -0.934491 0.849053
-0.085942 -0.220499 -0.695551
-1.404823 -2.193274 1.176552
-1.211238 -2.085951 -0.426000
-1.919125 -2.834132 -0.846080
-1.723266 -2.660775 0.867466
-1.336360 -1.843752 0.283789
-0.467600 -0.607988 -0.521802
-0.920753 -1.153013 1.688203
-1.749552 -2.805642 -0.838648
-1.658520 -2.654423 1.293519
-2.137349 -3.097279 -0.392724
-0.890442 -1.497886 1.549182
-0.926221 -1.271366 0.852651
-1.889799 -2.983168 1.128759
-0.580199 -1.083650 -0.687342
-0.975810 -1.666603 1.191671
0.171159 0.084743 -0.818886
-0.786533 -1.475357 -0.844469
-0.224917 -0.637797 -0.199394
-1.888248 -3.054146 0.156885
-2.154963 -3.074301 1.582070
-1.866964 -2.772551 1.688407
-1.203199 -1.925498 0.765419
-1.722037 -2.566253 1.692039
-1.825520 -2.490125 0.179157
-0.656567 -0.883001 0.239576
-1.954449 -3.121643 -0.642438
-1.383878 -2.318648 0.673870
-0.430622 -0.470304 -0.200695
-1.611561 -2.381809 -0.686614
-0.693339 -1.240058 -0.468877
-1.113388 -1.460520 0.615325
-0.840438 -1.211059 -0.277370
-0.232614 -0.472892 1.688486
-0.195442 -0.544683 0.843090
-1.717418 -2.805314 1.142382
-0.546624 -0.636362 1.659233
0.118044 -0.120681 0.164793
-1.891071 -2.554557 1.474067
-1.581141 -2.496700 -0.773159
-0.585916 -1.137233 -0.490463
-0.394130 -0.902097 -0.723418
0.176424 0.091705 -0.223715
-1.125905 -1.725461 -0.463975
-0.752632 -1.177578 -0.183261
-0.859552 -1.135728 -0.043168
-0.323133 -0.385623 -0.723976
-0.043536 -0.402864 0.110283
-0.587575 -0.765354 -0.072743
-0.598537 -0.963024 0.598684
-1.483672 -2.481380 1.456065
-1.369100 -1.949068 -0.802936
-1.492020 -2.032445 0.671980
-0.662291 -0.874147 -0.247160
-1.561070 -2.588049 1.527181
-2.193787 -2.994136 0.517022
-0.642734 -0.899241 1.133097
-0.651418 -1.041513 -0.827210
0.026541 -0.040220 1.390182
-1.647529 -2.275768 -0.761838
-0.663222 -1.300088 0.895917
-1.427845 -1.897266 1.439158
-2.040287 -2.803683 0.749740
-0.116392 -0.040572 -0.375247
-0.576168 -0.983605 1.637085
-1.066602 -1.611740 1.107983
-0.069838 -0.346503 -0.284222
-1.232271 -2.104043 1.376677
-1.599017 -2.499905 1.394569
-1.717916 -2.428908 1.689566
-1.687338 -2.679299 -0.103427
-1.456020 -1.983881 -0.502135
-0.759601 -1.436382 1.386075
-0.230489 -0.654848 0.146802
-1.837930 -2.881858 0.272131
-1.685376 -2.413858 -0.191060
-0.409625 -0.584783 0.005023
-0.173110 -0.422962 0.908368
-0.615749 -1.106568 1.582530
-0.351443 -0.842466 0.802458
-1.027075 -1.763764 -0.615081
-1.113274 -1.917285 0.259331
-0.047128 0.103763 -0.111376
-1.281659 -2.178667 0.222296
-1.477317 -2.460478 0.572067
0.035635 -0.156120 -0.748793
-0.373998 -0.476302 0.796693
-1.619984 -2.160672 -0.588203
-1.825370 -2.843376 1.319598
0.071932 0.031394 -0.744826
-2.052851 -3.009472 -0.636701
-2.171085 -2.976880 0.386101
-1.879513 -2.880780 0.989342
0.202663 0.058716 -0.518998
-0.802267 -1.041915 1.574702
-0.158559 -0.561768 0.437857
-0.258303 -0.360200 -0.840163
-1.111031 -1.770425 -0.311119
-1.373380 -2.302006 1.041167
0.026536 0.161180 1.068725
-0.467021 -0.572401 0.443745
0.045839 0.023500 -0.031530
0.002607 0.171069 0.864487
-1.893199 -3.053258 0.312571
-1.619879 -2.649617 1.015595
-1.479836 -2.313899 -0.228637
-1.982850 -2.896943 -0.475509
-1.960043 -2.799416 -0.208929
-1.223178 -2.102566 1.131521
-1.801711 -2.822013 -0.148089
-1.096985 -1.814259 -0.782060
-0.606391 -0.995755 -0.291811
-1.435571 -2.259354 0.246655
-1.270130 -1.662207 1.462072
-0.581382 -1.034161 1.033139
-0.946260 -1.189551 -0.751140
-0.610647 -1.135211 0.018398
-0.362637 -0.474519 1.394801
-1.401883 -2.150529 0.336005
-0.580848 -0.694320 1.534164
-1.669281 -2.392807 0.910418
-0.307578 -0.319254 0.263179
-2.093373 -2.937277 1.679159
-1.028168 -1.529996 1.710699
-0.386587 -0.676519 1.576721
-0.010287 -0.107280 1.520500
-1.091133 -1.579621 -0.521626
-1.329411 -1.780869 -0.032097
-0.941429 -1.387058 1.374096
-0.536004 -1.101879 0.923643
-1.274436 -1.671644 1.684359
-0.903256 -1.649390 1.059330
0.030480 -0.071511 -0.161911
-2.016218 -3.127515 0.320079
-0.110549 -0.501372 0.198854
-1.249009 -1.626325 0.396295
-0.054642 0.007286 -0.848536
-1.862618 -2.930876 0.629269
-1.195492 -1.665073 -0.760896
-1.404686 -2.375094 0.496830
-0.602271 -0.709106 1.154333
-1.661709 -2.265535 1.517989
-2.136147 -2.917583 -0.835658
-1.217641 -1.809188 0.994836
-0.719617 -1.172271 -0.846604
0.147709 -0.079425 -0.744899
-0.549033 -1.138559 1.696125
-1.739975 -2.561774 0.617125
-1.250140 -1.628268 -0.480034
-1.270742 -2.103403 0.646944
-1.591376 -2.608875 0.831221
-0.417488 -0.866180 -0.442446
-2.131735 -3.109770 0.056855
-1.080361 -1.392852 1.457590
-0.091415 -0.390624 -0.830955
-1.490162 -2.377153 -0.780522
-2.013401 -3.144123 0.495772
-1.733279 -2.769528 0.770546
-1.648624 -2.284097 1.049717
-0.470645 -1.005413 1.372216
-1.551648 -2.348118 1.664442
-1.824668 -2.751441 -0.551675
-2.056871 -3.165386 1.289656
0.073547 0.164599 0.527208
-0.211675 -0.149799 0.297096
-0.353141 -0.625656 1.350664
-1.683352 -2.533296 -0.108297
-1.296361 -2.201636 0.949053
-2.009349 -2.779973 0.079900
-0.213827 -0.382733 -0.574262
-0.125765 -0.515706 -0.285863
-0.986720 -1.686805 0.434141
-1.675084 -2.419876 1.072093
-1.997203 -2.846350 1.326006
-1.913488 -3.037186 1.505041
-1.526872 -2.534448 1.050485
-0.182094 -0.275730 0.249534
-2.146090 -3.090183 -0.546084
-2.067083 -2.973264 0.592101
-0.199095 -0.554465 1.322230
-0.248307 -0.702546 0.761132
-1.534603 -2.274874 0.134771
-1.863340 -2.610631 0.956619
-0.311228 -0.786158 -0.150070
-0.635419 -1.229301 -0.234595
0.073678 0.079358 0.239161
-0.202419 -0.168493 0.479803
-1.871683 -2.785229 -0.357374
-0.373216 -0.760986 1.276718
-2.099642 -2.869304 -0.402947
-0.845269 -1.408390 0.132573
-0.146443 -0.173285 1.098736
-0.200757 -0.287721 -0.455306
-1.282921 -1.674201 0.181101
-1.606579 -2.390304 1.528201
-1.194959 -1.991001 0.630770
-1.972870 -3.183691 0.188931
-0.943671 -1.376120 -0.111563
-0.097609 -0.413539 -0.515252
-1.799578 -2.494152 1.094131
0.058448 -0.126996 0.409708
-0.021539 -0.112402 0.513037
0.150411 -0.074578 0.505826
-0.345347 -0.643878 -0.408373
-1.212560 -2.058051 0.517342
-0.046195 0.065065 0.943376
-1.898957 -3.081664 0.597655
-1.050512 -1.340274 -0.005692
0.088323 -0.206354 0.572953
-2.114329 -3.066878 1.709779
-0.371900 -0.699554 0.147790
-0.650848 -0.764819 1.002643
-0.517948 -0.645319 0.283015
-1.188706 -1.719924 1.373459
-1.833485 -2.940266 1.632381
-1.432537 -2.048117 1.602828
-0.424155 -0.509651 0.167324
-1.914965 -2.614828 0.180380
-0.147745 -0.105192 0.735048
-2.195612 -3.039098 -0.667978
-0.510127 -0.970786 -0.596027
-0.153093 -0.166250 -0.156730
-2.026092 -2.753299 -0.527179
-1.654763 -2.326837 1.204728
-2.159711 -2.960821 -0.107077
-1.064246 -1.688345 1.525398
-1.619130 -2.636636 -0.379743
-1.188051 -2.033376 0.065855
-1.512333 -2.265148 -0.617700
-0.545305 -1.098126 1.288696
-1.567095 -2.110156 -0.003310
-1.535964 -2.555566 0.311704
-0.202066 -0.122174 1.417951
-0.898594 -1.586205 -0.203123
-0.090335 -0.009522 1.142422
-1.516213 -2.455672 0.918741
-0.554483 -0.899048 0.979656
-0.889775 -1.155856 1.241784
-0.224604 -0.395269 -0.352434
-0.207366 -0.482895 -0.481408
-1.127385 -1.927606 -0.651705
-0.651387 -1.183150 1.445848
-1.342875 -1.988116 0.050662
-0.348217 -0.605117 -0.719461
-1.470674 -2.178530 0.743834
0.046721 -0.232767 0.192704
-0.770972 -0.962257 0.881889
-1.080103 -1.384554 0.486679
0.045211 -0.068302 1.223451
-2.163492 -3.056355 0.854028
-1.351463 -2.239395 -0.253298
-1.601980 -2.146119 0.135872
-0.711497 -0.868208 0.100569
-0.480523 -0.805839 1.664831
-1.181796 -2.048576 0.219639
-0.764381 -1.267957 0.664508
-1.929035 -3.131632 0.035460
-0.071315 0.075170 0.401503
-0.643193 -1.094850 0.227375
-1.329051 -1.783801 0.423559
-0.996220 -1.648796 -0.734405
-1.995813 -2.927963 -0.311718
-0.955083 -1.722572 -0.368088
-0.542106 -0.708888 0.853333
-1.843231 -2.953930 -0.140327
-1.495667 -2.462629 -0.589377
-1.265941 -1.911426 1.381521
-0.596264 -1.041354 1.168244
-1.170234 -1.521028 -0.144847
-1.043087 -1.826082 0.873032
-1.094127 -1.443346 1.279809
-1.747435 -2.602647 0.444795
-1.529974 -2.497028 -0.292859
-1.206011 -1.702894 -0.614762
-0.892421 -1.270182 -0.850164
-1.808705 -2.954436 0.107457
-1.400077 -2.310316 1.600457
-0.234826 -0.209816 1.576734
0.111330 0.024369 0.906773
0.062616 -0.214472 1.096266
-1.715510 -2.521110 -0.835819
-1.871202 -3.027933 -0.267322
-1.693895 -2.531936 -0.459377
-0.068524 -0.270732 0.125591
-0.604016 -1.198043 0.333357
-2.082911 -2.844189 -0.053892
-0.981423 -1.741403 -0.840083
0.133097 -0.060774 -0.338708
-0.395574 -0.811999 0.300972
-0.046816 -0.099805 0.864530
-0.292857 -0.364639 0.882993
-2.056415 -2.921350 -0.189854
-0.747016 -1.104079 1.679027
0.208240 -0.038525 0.679690
0.232956 0.030885 0.135869
-1.145703 -1.508386 -0.697715
-0.890648 -1.464386 -0.273255
-1.426515 -1.986603 1.300874
-0.660515 -1.287299 -0.831085
-1.026023 -1.697942 -0.243556
-0.410807 -0.546044 1.239096
-0.070982 0.067578 0.219430
-1.478294 -2.002590 0.507188
-0.378007 -0.619206 0.788880
0.085300 0.145497 0.675524
-1.272176 -1.784474 1.127190
-0.021882 0.067318 1.244372
-0.311211 -0.533811 1.523033
-0.170926 -0.159941 -0.378015
-1.833118 -2.492380 -0.578071
-0.082010 -0.442500 -0.384959
0.149839 0.095825 0.011501
-0.329356 -0.778054 1.134884
-1.744911 -2.863649 0.670412
-1.945725 -2.629639 -0.613688
-0.318540 -0.282062 -0.575382
-1.281447 -1.688225 0.677651
-1.396034 -2.336161 -0.129713
-0.986667 -1.631031 -0.000280
-1.626752 -2.672307 0.265095
-0.863429 -1.541645 1.153976
-0.567963 -0.886394 0.144022
-0.490465 -0.790419 -0.728196
-0.282813 -0.249488 -0.173299
-0.712287 -1.349651 0.186092
-1.620614 -2.523590 1.142540
-0.271159 -0.534360 -0.111121
-1.973582 -2.720454 1.368543
-0.374432 -0.398473 0.489907
-0.586991 -0.964238 1.284224
-0.973577 -1.608120 0.238075
-0.348188 -0.377548 -0.490695
-0.089561 -0.306623 0.614781
-0.235400 -0.361912 0.540056
-1.921819 -2.672895 1.083242
-1.702929 -2.437503 0.064120
-0.107196 -0.460176 1.330883
-0.981142 -1.755163 1.620879
-1.958655 -3.102318 1.194883
-0.283414 -0.699459 1.497835
-0.824278 -1.534474 0.782904
-1.425624 -1.915798 0.627250
-0.994332 -1.350825 1.233598
-1.519343 -2.028886 1.706971
-0.562598 -0.788342 1.251241
-1.662560 -2.655367 -0.252933
-0.668444 -1.070726 -0.113105
-1.932160 -2.844283 1.205739
0.136643 0.117364 0.798974
0.164806 -0.010749 -0.077611
-1.301105 -1.955569 1.038215
-1.442632 -1.994726 0.983971
-1.981047 -3.198827 1.695397
-1.244770 -1.842316 -0.700031
-0.440418 -0.933314 1.650636
0.032138 -0.191215 0.046519
-0.489148 -1.025149 0.026886
0.087476 -0.111217 0.900280
-1.497850 -2.182532 -0.216053
0.012630 0.176421 -0.746642
-1.962568 -2.862543 1.678752
-1.273457 -2.096768 1.707397
-1.904923 -2.572280 -0.772737
-0.428742 -0.883471 1.318241
-1.944503 -2.671680 -0.026006
-0.739208 -1.026915 -0.226745
-1.515951 -2.188509 1.013323
-0.238020 -0.346815 1.211717
-1.128789 -1.467757 1.088427
-0.124880 -0.001836 -0.003821
-0.351449 -0.341244 0.762390
-1.196602 -1.609901 1.589540
-1.081105 -1.873839 1.584416
-0.453516 -0.710549 1.165325
0.105577 0.047091 1.159653
-1.763613 -2.379451 -0.289589
-1.251765 -2.149540 -0.040607
-1.272999 -1.663173 0.961502
-1.846342 -2.489959 1.339981
-0.392211 -0.899627 -0.244558
-1.294976 -1.776658 0.785891
-1.808576 -2.742246 0.577402
-1.286933 -1.846879 1.617138
-1.992985 -2.698344 0.856166
-1.730522 -2.529981 1.391586
-0.744160 -0.937228 -0.592528
-1.436236 -1.916107 1.103613
-0.785218 -1.007572 -0.383658
-0.506997 -0.596081 0.916444
-1.677090 -2.258826 0.127816
-0.583378 -0.948959 -0.452921
-0.433791 -0.454602 0.598252
-2.100895 -2.882398 0.155866
-0.764851 -1.448846 -0.320710
-0.514702 -0.570026 -0.735155
-0.208636 -0.149383 0.162342
-1.151371 -1.880025 1.710282
-1.966928 -2.660842 -0.183949
-0.071824 0.010614 -0.531768
-0.029287 -0.268201 0.485307
-0.914849 -1.597887 1.679603
-1.606712 -2.465007 0.807255
-0.762857 -1.200262 0.409447
-0.975014 -1.636009 0.617196
-2.027366 -2.760954 -0.327247
-0.941692 -1.245160 -0.110475
-1.985771 -3.185713 0.650777
-0.915463 -1.581000 0.512413
-0.460884 -0.517963 1.016861
-1.583853 -2.625124 -0.694004
-0.871369 -1.086380 0.076535
-1.534186 -2.408414 0.406336
-0.712499 -1.323612 0.530556
-2.033237 -3.154098 0.836401
-1.562713 -2.307471 -0.337565
-0.818715 -1.086680 -0.501401
-0.916227 -1.603228 -0.634508
-0.429149 -0.690240 -0.654129
0.014086 0.059657 0.095638
-0.858920 -1.125993 -0.836798
-0.874211 -1.254907 0.582195
-0.071706 -0.426079 -0.046572
-0.228691 -0.292218 -0.675580
