-1.352421 -2.826775 -0.332537 -1.599052 -2.655974 -0.332537
-1.352421 -2.826775 0.331463 -1.599052 -2.655974 0.331463
-1.352421 -2.826775 0.995463 -1.599052 -2.655974 0.995463
-0.983487 -2.294045 -0.332537 -1.230119 -2.123244 -0.332537
-0.983487 -2.294045 0.331463 -1.230119 -2.123244 0.331463
-0.983487 -2.294045 0.995463 -1.230119 -2.123244 0.995463
-0.614554 -1.761316 -0.332537 -0.861185 -1.590515 -0.332537
-0.614554 -1.761316 0.331463 -0.861185 -1.590515 0.331463
-0.614554 -1.761316 0.995463 -0.861185 -1.590515 0.995463
-0.245620 -1.228587 -0.332537 -0.492252 -1.057786 -0.332537
-0.245620 -1.228587 0.331463 -0.492252 -1.057786 0.331463
-0.245620 -1.228587 0.995463 -0.492252 -1.057786 0.995463
0.123313 -0.695857 -0.332537 -0.123318 -0.525057 -0.332537
0.123313 -0.695857 0.331463 -0.123318 -0.525057 0.331463
0.123313 -0.695857 0.995463 -0.123318 -0.525057 0.995463
